start_frame,end_frame,num_frames,hole_number,previous_hole,distance
22,24,2,7,-1,0.0
27,34,7,6,7,70.65033888826808
47,52,5,5,6,70.71702215304899
64,68,4,2,5,200.50606226291904
82,85,3,19,2,186.8780188246569
117,119,2,15,19,253.4079165899451
121,123,2,15,15,0.0
130,137,7,15,15,0.0
147,155,8,14,15,71.99335312838872
159,169,10,13,14,72.53135942865234
219,242,23,2,13,427.6609584969516
243,256,13,2,2,0.0
260,297,37,1,2,65.63584581432733
