start_frame,end_frame,num_frames,hole_number,previous_hole,distance
24,28,4,0,-1,0.0
30,63,33,19,0,63.55558463504192
69,81,12,19,19,0.0
89,93,4,19,19,0.0
94,101,7,19,19,0.0
115,116,1,16,19,192.6426799146955
119,129,10,16,16,0.0
135,142,7,15,16,70.34478508238261
155,160,5,19,15,253.7178682124204
163,167,4,19,19,0.0
168,175,7,0,19,63.55558463504192
179,185,6,1,0,63.85066758529648
191,241,50,1,1,0.0
