start_frame,end_frame,num_frames,hole_number,previous_hole,distance
16,24,8,4,-1,0.0
33,48,15,5,4,69.90755116973462
54,60,6,5,5,0.0
63,71,8,6,5,70.75168233731613
76,83,7,6,6,0.0
86,91,5,7,6,70.80895684424421
106,112,6,7,7,0.0
116,122,6,8,7,70.09390380038279
125,128,3,9,8,69.7625964959005
139,141,2,9,9,0.0
146,156,10,10,9,69.74471195780875
161,166,5,11,10,70.4069099840916
171,173,2,11,11,0.0
179,185,6,12,11,70.67182932580121
188,193,5,13,12,73.65918173373304
217,232,15,1,13,415.24728067999536
